321.169006
389.308990
460.306000
8.496000
177.641998
608.047974
588.031006
962.088989
858.554016
8.906000
545.979980
246.307007
264.421997
863.343018
24.242001
506.846985
101.891998
431.683014
114.248001
694.176025
317.115997
574.833984
402.770996
946.348999
416.330994
711.744995
48.416000
897.642029
17.454000
351.384003
349.014008
324.067993
150.449005
836.807983
517.143005
504.076996
238.714996
782.179016
960.799011
353.307007
323.723999
835.450012
918.090027
474.428986
355.144012
712.367981
221.516006
988.387024
384.713989
692.046997
435.000000
19.000000
259.000000
361.000000
797.000000
744.000000
122.000000
820.000000
89.000000
841.000000
0.021000
0.572000
0.525000
0.217000
0.507000
0.253000
0.671000
0.770000
0.383000
0.469000
0.306000
0.495000
0.264000
0.125000
0.621000
0.270000
0.689000
0.809000
0.939000
0.200000
